0.196300 0.208746
0.909994 0.891990
0.421415 0.394986
0.952701 0.909266
0.532138 0.676591
0.698489 0.719039
0.523820 0.550308
0.538799 0.705012
0.093978 0.373529
0.975815 0.666172
0.636201 0.041398
0.560931 0.785829
0.171328 0.524494
0.252156 0.041627
0.459722 0.007225
0.671060 0.912385
0.176122 0.825083
0.330716 0.773776
0.822546 0.263178
0.153138 0.817212
0.004853 0.548948
0.498061 0.674964
0.805074 0.048747
0.484452 0.189398
0.244286 0.760959
0.601980 0.925374
0.249755 0.687613
0.481747 0.092202
0.115265 0.561918
0.223877 0.515214
0.175019 0.710938
0.864160 0.176872
0.299146 0.540617
0.402749 0.633484
0.862852 0.244626
0.314987 0.305950
0.041396 0.859007
0.617760 0.241638
0.639549 0.711354
0.374333 0.449337
0.176883 0.646272
0.986464 0.320382
0.619168 0.148125
0.744653 0.966418
0.971382 0.627573
0.885686 0.527928
0.929231 0.690163
0.841239 0.637498
0.923847 0.163268
0.452105 0.257954
